50
0 20.0282057523727 13.2536460161209 25.4084279537201 323.963805198669 3093.40862131119 196.639125585556 262156.484219313 40132.5530874729 12.5191540718079 20.6386971473694 107076.392405868 11.684544801712 157757.643723249 11.1080985069275 25.5514960289001 262160.071958065 262153.747368574 18.9707683324814 262166.259260654 13.3342607021332 25.0189306735992 24.2904150485992 23.4448020458221 262165.104873419 25.8766702413559 43.6985304355621 63336.840013504 262156.382518768 12.6215074062347 20.0176384449005 262151.806888819 262178.097650766 188330.411817074 25.0769313573837 28.0217709541321 27.7150478363037 3927.31044840813 22.9389954805374 13.1947779655457 28.9831223487854 21.7687190771103 24.5331130027771 26.56844830513 3081.97331309319 785.017216444016 27615.9612697363 26.134465098381 281384.206517577 21.5695759057999
20.0282057523727 0 23.0614821910858 24.5877817869186 334.458078980446 3097.63702142239 214.444583535194 262163.036411166 40136.9760318995 9.90258085727692 20.7721408605576 107090.415915012 24.4333654642105 157758.592568994 15.2552446126938 20.6505714654922 262162.782675862 262158.521380305 16.4088160991669 262170.462773204 9.63629281520844 27.8750258684158 24.9237624406815 20.6375128030777 262166.426302075 28.4137752056122 42.7581359148026 63350.9924768209 262167.9076792 8.98328864574432 20.5877267122269 262153.159701943 262163.514388204 188332.046992421 24.0926022529602 25.6888381242752 24.0806585550308 3923.86264026165 29.5333051681519 8.41605484485626 22.5691083669662 16.1000189781189 23.8310796022415 32.960322022438 3082.92215883732 797.59062063694 27630.3042342663 23.6050410270691 281389.176865816 15.6460540294647
13.2536460161209 23.0614821910858 0 13.7727543115616 336.474842905998 3087.87507712841 205.870513558388 262155.869919896 40127.1822060347 18.6817711591721 14.9150298833847 107081.285754442 15.8168824911118 157760.684824824 7.80623757839203 21.3041540384293 262163.222112536 262150.883001685 13.2471010684967 262161.528574824 20.0996321439743 20.2463973760605 18.6846450567245 18.0989574193954 262153.880426526 12.7856869697571 39.1335216760635 63341.6758970022 262160.293684125 19.7342306375504 13.9237838983536 262154.048105121 262181.528574824 188326.582704186 13.3451986312866 15.9129709005356 15.1421023607254 3915.56042158604 25.5540661811829 19.7365819215775 31.6265763044357 17.1730284690857 20.3130649328232 37.1484025716782 3077.42195212841 781.631154179573 27621.0991368294 20.4107978343964 281381.366300344 20.0428996086121
25.4084279537201 24.5877817869186 13.7727543115616 0 343.42392539978 3084.2115149498 209.643267869949 262163.871533394 40136.4184064865 27.5085196495056 19.7936644554138 107085.9750911 21.1153137683868 157772.121690273 17.2863297462463 23.4071652889252 262171.758449078 262160.09749198 12.5648232698441 262161.193196297 28.4920284748077 14.3624618053436 12.5782268047333 7.37138319015503 262144.602009773 17.7698520421982 27.4363512992859 63346.7799959183 262167.360941887 28.1180760860443 16.823739528656 262166.626198769 262174.461317062 188332.753603697 0.883968949317932 18.2190532684326 17.1899013519287 3922.36737442017 17.2605341672897 26.460681438446 26.3401961326599 23.5395346879959 22.7448952198029 40.9211568832397 3086.45128011703 783.819532871246 27627.4679034948 13.5908325910568 281387.363425851 23.7270191907883
323.963805198669 334.458078980446 336.474842905998 343.42392539978 0 3414.36840200424 520.420632839203 261839.25855422 40453.4909081459 328.598160505295 336.666922092438 106757.766338944 331.879645824432 158076.818041325 331.231293916702 342.539623498917 262480.646454334 261834.063301325 334.869206547737 262488.767524004 327.273749351501 340.731562614441 342.630637168884 340.410777807236 262487.02159071 346.112374901772 340.385629892349 63018.2785944939 261836.313167095 327.388908147812 337.319107294083 262473.494589806 262496.073196173 188650.816354036 343.431337237358 345.116512298584 346.327165126801 3610.08478331566 340.036950230598 329.6915974617 343.80175948143 341.51765859127 340.315428972244 348.256149291992 3401.14763116837 466.357969522476 27297.4300626516 342.537598729134 281066.917502522 339.613068223
3093.40862131119 3097.63702142239 3087.87507712841 3084.2115149498 3414.36840200424 0 2897.93576407433 265238.540470123 37059.3071289062 3096.1532356739 3089.49714040756 110154.413663983 3083.89102458954 154695.217285156 3090.75930356979 3093.94468522072 259095.113772869 265227.096816778 3084.88841497898 259096.061035156 3097.26009106636 3084.05267500877 3082.77651810646 3078.91922807693 259083.078249693 3097.37751328945 3092.93979930878 66415.2015061378 265235.761223793 3097.73258805275 3077.04929471016 259088.580565453 259096.061035156 185262.853469849 3083.94075381756 3098.81782197952 3098.37128138542 6999.36669921875 3090.92741334438 3095.9356482029 3096.93896484375 3084.26272380352 3086.18961501122 3076.65787506104 20.453125 3857.09869384766 30694.6587957144 3084.54379570484 278316.817926764 3087.07124698162
196.639125585556 214.444583535194 205.870513558388 209.643267869949 520.420632839203 2897.93576407433 0 262350.604706049 39947.2428929806 208.995616912842 214.381699800491 107269.285793185 198.973622083664 157573.153049231 202.823539495468 218.315687417984 261974.944061518 262348.851825714 212.999990582466 261969.990322351 209.973386287689 210.123387813568 207.660208940506 207.975947856903 261969.934636593 218.248171687126 229.010512113571 63530.3058142662 262351.831936598 209.203701734543 212.560867071152 261966.516329527 261983.996799231 188145.721625328 209.215712189674 220.882057905197 219.982974052429 4121.43093514442 206.190892100334 209.833903551102 213.009677648544 215.927453875542 219.142793416977 182.728587865829 2897.48263907433 979.162929773331 27809.6556288004 209.519975066185 281201.363084435 216.117264866829
262156.484219313 262163.036411166 262155.869919896 262163.871533394 261839.25855422 265238.540470123 262350.604706049 0 302277.84759903 262155.334937334 262162.975555658 155088.189629197 262159.023442745 419913.75775528 262158.218833447 262171.137379885 524295.548767567 15.759357213974 262160.814492583 524317.39849472 262155.704987288 262164.487795115 262166.252036572 262164.791900158 524307.226290703 262164.362293124 262165.600670815 198826.617488146 12.7792463302612 262155.612589359 262161.491175413 524302.081974983 524324.60150528 450477.517580986 262163.853552699 262166.277351856 262167.343585014 258241.970760345 262164.782719731 262157.76657629 262181.60150528 262160.082926154 262165.688555002 262171.882595062 265228.087345123 261394.238765717 234548.878028989 262169.932886958 252341.662112355 262159.45222199
40132.5530874729 40136.9760318995 40127.1822060347 40136.4184064865 40453.4909081459 37059.3071289062 39947.2428929806 302277.84759903 0 40135.9773163795 40125.927437067 147197.863218904 40127.5735723972 117645.91015625 40130.066432476 40133.0918955803 222037.701168537 302266.403945684 40125.8976083994 222046.75390625 40136.7014298439 40133.359803915 40132.0836470127 40130.6212089062 222045.798589945 40126.6846421957 40152.246928215 103458.11879921 302265.068352699 40137.7193472385 40126.6949043274 222039.273436546 222066.75390625 148215.3695333 40135.6560970545 40128.1249508858 40137.919965744 44038.673828125 40138.208964467 40136.4645292759 40136.24609375 40132.9841347933 40126.5440058708 40125.9650039673 37059.7602539062 40906.4058227539 67736.9058724642 40131.5866876841 241269.009055972 40135.6752027273
12.5191540718079 9.90258085727692 18.6817711591721 27.5085196495056 328.598160505295 3096.1532356739 208.995616912842 262155.334937334 40135.9773163795 0 20.6550748348236 107082.372508407 20.2825334072113 157759.934112072 14.5083420276642 24.2169668674469 262159.529588938 262153.320863485 18.5030356645584 262172.107651472 1.77116084098816 24.1083152294159 25.5533616542816 21.5952036380768 262169.919546843 28.9554661512375 41.9682557582855 63342.4945559502 262161.024512291 2.11613321304321 20.6198620796204 262150.211692333 262169.266567945 188333.835906506 27.1453355550766 30.1293895244598 29.330769777298 3919.79311060905 30.4896003007889 2.64816308021545 28.3638715744019 13.8291290998459 21.2718894481659 26.3803682327271 3084.26370191574 792.865977287292 27624.0969492197 26.0139340162277 281384.949783206 12.2441178560257
20.6386971473694 20.7721408605576 14.9150298833847 19.7936644554138 336.666922092438 3089.49714040756 214.381699800491 262162.975555658 40125.927437067 20.6550748348236 0 107084.086195827 19.0513725280762 157764.783550739 16.447639465332 9.80998015403748 262161.811067581 262152.29404664 7.30251204967499 262162.188209057 21.4887180328369 19.7430391311646 18.9579882621765 15.1554272174835 262162.300605536 19.2450865507126 28.0679039955139 63344.0890409946 262156.757217646 22.1683282852173 13.0069861412048 262158.146831036 262175.065041304 188328.77365756 19.7548981904984 21.5602004528046 13.9941902160645 3925.05706334114 19.0780693292618 20.9760255813599 29.1882090568542 19.8117150068283 17.0293390750885 41.6531119346619 3079.60627484322 780.971519947052 27624.5032533407 16.3707534074783 281385.225194097 21.2162209749222
107076.392405868 107090.415915012 107081.285754442 107085.9750911 106757.766338944 110154.413663983 107269.285793185 155088.189629197 147197.863218904 107082.372508407 107084.086195827 0 107070.905192971 264831.178065896 107085.785081983 107089.332781672 369224.110672832 155086.821319699 107081.296331167 369238.888584733 107082.355823636 107082.81069386 107084.372023225 107081.952477574 369227.305824161 107090.924810648 107082.931826472 43740.3998981714 155085.924701571 107082.243857026 107082.714516282 369225.77373755 369246.337435365 295394.192467332 107085.611907005 107092.3577317 107092.946571708 103180.363514543 107082.623472214 107082.888078809 107096.55403316 107085.967544079 107085.151789546 107096.997083306 110146.796132922 106322.101748347 79462.7180187702 107085.259072781 174313.525171757 107083.98382926
11.684544801712 24.4333654642105 15.8168824911118 21.1153137683868 331.879645824432 3083.89102458954 198.973622083664 262159.023442745 40127.5735723972 20.2825334072113 19.0513725280762 107070.905192971 0 157760.968563318 20.362370967865 23.5237534046173 262153.55214572 262157.673113108 16.2439733743668 262168.381599665 20.6711132526398 21.5795657634735 18.842095375061 17.1271858215332 262156.515301228 25.8192094564438 39.1728830337524 63332.4779977798 262156.635080576 20.2311849594116 17.0813369750977 262155.69187212 262175.73161912 188325.197146893 20.5989905595779 26.6642789840698 27.0584759712219 3929.84967184067 16.8987303972244 19.6660432815552 30.7860007286072 19.8482967615128 22.6853928565979 26.7894749641418 3076.60684657097 786.716647624969 27612.0099445581 19.7191075086594 281379.499124169 19.1451538801193
157757.643723249 157758.592568994 157760.684824824 157772.121690273 158076.818041325 154695.217285156 157573.153049231 419913.75775528 117645.91015625 157759.934112072 157764.783550739 264831.178065896 157760.968563318 0 157755.976588726 157768.140517235 104421.791012287 419897.998398066 157762.668449521 104420.84375 157759.988837004 157769.269960165 157767.505718708 157767.455698967 104419.773225784 157772.192451596 157788.157084465 221091.660723448 419910.978508949 157760.25302577 157762.605060577 104403.363280296 104420.84375 30578.2615537643 157771.294801354 157770.277392864 157773.136023283 161674.583984375 157777.101085305 157760.450526714 157762.15625 157767.075207353 157770.73760438 157751.875160217 154685.670410156 158542.315979004 185369.68031323 157769.127088189 167577.150140643 157768.81173718
11.1080985069275 15.2552446126938 7.80623757839203 17.2863297462463 331.231293916702 3090.75930356979 202.823539495468 262158.218833447 40130.066432476 14.5083420276642 16.447639465332 107085.785081983 20.362370967865 157755.976588726 0 20.7119972705841 262167.767601013 262149.662486792 14.3325382471085 262159.179661274 15.9166257381439 20.9340488910675 18.4708700180054 20.0050272941589 262159.123975515 17.0257412195206 39.8211731910706 63345.9224894047 262162.642597675 15.7144641876221 13.7100088596344 262149.339869022 262176.820338726 188331.790668964 16.8046442270279 18.058518409729 17.4147114753723 3918.60739564896 27.0015531778336 16.4085574150085 23.8203387260437 22.3841999769211 22.8125157356262 34.1014285087585 3080.30617856979 786.339390277863 27626.5460518599 20.8353315591812 281386.39170754 23.8288787603378
25.5514960289001 20.6505714654922 21.3041540384293 23.4071652889252 342.539623498917 3093.94468522072 218.315687417984 262171.137379885 40133.0918955803 24.2169668674469 9.80998015403748 107089.332781672 23.5237534046173 157768.140517235 20.7119972705841 0 262167.84887886 262157.041822433 11.9323107004166 262165.46654582 25.0871365070343 17.0215542316437 15.7530853748322 16.9845538139343 262164.003344297 17.7811404466629 23.9062581062317 63349.8270099163 262165.518103361 25.621826171875 18.701132774353 262160.454703093 262165.25506115 188334.154839277 22.8753131628036 19.6320502758026 6.90320944786072 3931.9641752243 16.8756858110428 23.069420337677 23.3739371299744 21.7895458936691 20.9759449958801 44.5380051136017 3086.17167186737 788.742277622223 27630.6581929922 11.8166786432266 281388.152889371 22.2974375486374
262160.071958065 262162.782675862 262163.222112536 262171.758449078 262480.646454334 259095.113772869 261974.944061518 524295.548767567 222037.701168537 262159.529588938 262161.811067581 369224.110672832 262153.55214572 104421.791012287 262167.767601013 262167.84887886 0 524304.105114222 262161.182365775 30.9472622871399 262159.615944386 262171.060972452 262169.78481555 262164.530510426 27.9809031486511 262163.594580054 262188.053572178 325484.44309473 524291.125003338 262160.158835173 262162.50154829 18.4277319908142 39.0527377128601 73853.7009136677 262171.306705356 262165.826119423 262172.900897026 266066.374996662 262164.9537462 262158.627587795 262173.947262287 262157.028077006 262159.07759428 262143.666172504 259097.461422443 262932.212466717 289763.291717649 262168.4718467 271979.897111058 262157.379608035
262153.747368574 262158.521380305 262150.883001685 262160.09749198 261834.063301325 265227.096816778 262348.851825714 15.759357213974 302266.403945684 262153.320863485 262152.29404664 155086.821319699 262157.673113108 419897.998398066 262149.662486792 262157.041822433 524304.105114222 0 262149.892725825 524308.842148066 262154.017665863 262153.044141769 262155.995405197 262155.245589256 524303.102166176 262160.510534167 262154.157017469 198825.784130335 12.9801108837128 262155.238193035 262150.606662512 524291.361678362 524318.842148066 450469.341803551 262159.768945575 262162.03670907 262161.392902136 258247.730117559 262165.10268724 262155.869318247 262165.842148066 262157.758693576 262156.218038321 262176.123237848 265216.643691778 261399.998122931 234547.401645064 262157.499772191 252333.026391149 262159.188351035
18.9707683324814 16.4088160991669 13.2471010684967 12.5648232698441 334.869206547737 3084.88841497898 212.999990582466 262160.814492583 40125.8976083994 18.5030356645584 7.30251204967499 107081.296331167 16.2439733743668 157762.668449521 14.3325382471085 11.9323107004166 262161.182365775 262149.892725825 0 262168.757329106 19.3732053041458 14.4410170316696 13.9421857595444 7.91662514209747 262155.323258758 17.4770901203156 26.8712064027786 63341.4764481783 262157.174561381 19.9078949689865 8.3982607126236 262156.031729817 262174.647697568 188326.161677241 12.4931650161743 19.1228047609329 15.0373555421829 3922.16260826588 16.8163239955902 17.3554891347885 27.2439476251602 15.1168723106384 15.2937844991684 40.2714027166367 3076.99803936481 782.915781378746 27622.1518952847 13.8138966560364 281381.13417387 16.6109781265259
262166.259260654 262170.462773204 262161.528574824 262161.193196297 262488.767524004 259096.061035156 261969.990322351 524317.39849472 222046.75390625 262172.107651472 262162.188209057 369238.888584733 262168.381599665 104420.84375 262159.179661274 262165.46654582 30.9472622871399 524308.842148066 262168.757329106 0 262173.109518766 262170.113710165 262167.650531292 262165.536296844 16.7424299716949 262163.036201596 262179.000834465 325500.19093895 524311.822258949 262172.717247009 262172.551189423 22.5195302963257 30 73855.5805022717 262160.47326839 262164.878857136 262162.138119221 266075.427734375 262169.011551499 262171.728213549 262163 262175.966394067 262168.870913267 262152.718910217 259106.514160156 262933.159729004 289778.715631604 262165.024087071 271987.650071979 262178.176393867
13.3342607021332 9.63629281520844 20.0996321439743 28.4920284748077 327.273749351501 3097.26009106636 209.973386287689 262155.704987288 40136.7014298439 1.77116084098816 21.4887180328369 107082.355823636 20.6711132526398 157759.988837004 15.9166257381439 25.0871365070343 262159.615944386 262154.017665863 19.3732053041458 262173.109518766 0 24.9940028190613 27.1505305767059 22.4653732776642 262170.912632942 29.9722267389297 42.8206915855408 63342.7602043152 262160.700814724 1.69520401954651 21.8304793834686 262151.516214132 262169.476926327 188334.357270479 28.1288443803787 29.8963532447815 30.3142786026001 3920.60325217247 31.0330175161362 2.9988477230072 28.0174961090088 14.7088760137558 22.1198873519897 27.2447984218597 3084.31842684746 793.202775478363 27622.7967940569 26.9974428415298 281385.287522435 12.6570702791214
25.0189306735992 27.8750258684158 20.2463973760605 14.3624618053436 340.731562614441 3084.05267500877 210.123387813568 262164.487795115 40133.359803915 24.1083152294159 19.7430391311646 107082.81069386 21.5795657634735 157769.269960165 20.9340488910675 17.0215542316437 262171.060972452 262153.044141769 14.4410170316696 262170.113710165 24.9940028190613 0 2.95126342773438 9.79394149780273 262157.429736614 17.8687392473221 18.8871243000031 63343.1536397934 262161.708548784 26.1403529644012 17.2240400314331 262162.633240461 262170.113710165 188334.728241205 14.2790712118149 18.9925673007965 20.8845131397247 3925.31402420998 12.0585454702377 26.3156549930573 17.1137101650238 25.6715384721756 23.4685904979706 37.3947999477386 3083.59955000877 793.046018838882 27625.446262002 5.90563261508942 281384.01333797 26.5938936471939
24.2904150485992 24.9237624406815 18.6846450567245 12.5782268047333 342.630637168884 3082.77651810646 207.660208940506 262166.252036572 40132.0836470127 25.5533616542816 18.9579882621765 107084.372023225 18.842095375061 157767.505718708 18.4708700180054 15.7530853748322 262169.78481555 262155.995405197 13.9421857595444 262167.650531292 27.1505305767059 2.95126342773438 0 9.6147358417511 262154.478473186 15.8989580869675 21.8383877277374 63344.7098784447 262164.659812212 26.8741919994354 15.388742685318 262161.357083559 262168.349468708 188333.010829926 12.3416970968246 16.0413038730621 18.4213342666626 3927.07826566696 9.5953665971756 27.1124620437622 15.3494687080383 25.1294618844986 25.1244242191315 36.1186430454254 3081.83530855179 794.810260295868 27626.7312046289 4.30254828929901 281385.289494872 25.8076931238174
23.4448020458221 20.6375128030777 18.0989574193954 7.37138319015503 340.410777807236 3078.91922807693 207.975947856903 262164.791900158 40130.6212089062 21.5952036380768 15.1554272174835 107081.952477574 17.1271858215332 157767.455698967 20.0050272941589 16.9845538139343 262164.530510426 262155.245589256 7.91662514209747 262165.536296844 22.4653732776642 9.79394149780273 9.6147358417511 0 262150.054190397 22.4648207426071 23.5230617523193 63342.6545982361 262161.088320017 23.0000629425049 12.9758327007294 262159.254815578 262169.169775248 188330.282969952 6.86876451969147 24.731705904007 21.6206343173981 3925.95130801201 14.669300198555 20.4476571083069 22.8528487682343 17.0554679632187 16.5763833522797 33.6831963062286 3081.78528881073 789.756283521652 27624.1896339655 8.91810238361359 281383.855119109 18.1552413702011
262165.104873419 262166.426302075 262153.880426526 262144.602009773 262487.02159071 259083.078249693 261969.934636593 524307.226290703 222045.798589945 262169.919546843 262162.300605536 369227.305824161 262156.515301228 104419.773225784 262159.123975515 262164.003344297 27.9809031486511 524303.102166176 262155.323258758 16.7424299716949 262170.912632942 262157.429736614 262154.478473186 262150.054190397 0 262159.854944348 262171.087507486 325488.363464117 524310.750424385 262170.375440598 262159.568403959 22.3473262786865 30.9553163051605 73846.0678634644 262143.974665046 262160.280414581 262158.429940462 266065.255530357 262159.338969827 262168.026304007 262168.401557446 262164.216062427 262166.213934898 262152.5467062 259095.443635941 262927.874689817 289767.571439862 262155.154722095 271974.344673514 262166.008938193
25.8766702413559 28.4137752056122 12.7856869697571 17.7698520421982 346.112374901772 3097.37751328945 218.248171687126 262164.362293124 40126.6846421957 28.9554661512375 19.2450865507126 107090.924810648 25.8192094564438 157772.192451596 17.0257412195206 17.7811404466629 262163.594580054 262160.510534167 17.4770901203156 262163.036201596 29.9722267389297 17.8687392473221 15.8989580869675 22.4648207426071 262159.854944348 0 36.7558635473251 63350.9151204824 262158.786057353 30.1705650091171 21.1380969285965 262165.555731893 262183.036201596 188336.975675225 17.6203441619873 3.1272839307785 12.5199519395828 3923.1827634573 20.656445980072 30.0466769933701 20.8460799455643 27.6867032051086 19.085706114769 49.5260607004166 3086.92438828945 790.123527407646 27631.7579336166 15.5925197601318 281389.203030348 28.5066244602203
43.6985304355621 42.7581359148026 39.1335216760635 27.4363512992859 340.385629892349 3092.93979930878 229.010512113571 262165.600670815 40152.246928215 41.9682557582855 28.0679039955139 107082.931826472 39.1728830337524 157788.157084465 39.8211731910706 23.9062581062317 262188.053572178 262154.157017469 26.8712064027786 262179.000834465 42.8206915855408 18.8871243000031 21.8383877277374 23.5230617523193 262171.087507486 36.7558635473251 0 63343.4594888687 262162.821424484 43.3947510719299 26.1111643314362 262181.520364761 262169.000834465 188349.892479897 27.9197825193405 37.8796916007996 27.6884279251099 3926.42689990997 25.8015846014023 42.0365464687347 36.0008344650269 33.8977154493332 31.109174489975 56.2819242477417 3102.48667430878 774.158894538879 27625.2438143492 22.570783495903 281384.199817538 34.9974888563156
63336.840013504 63350.9924768209 63341.6758970022 63346.7799959183 63018.2785944939 66415.2015061378 63530.3058142662 198826.617488146 103458.11879921 63342.4945559502 63344.0890409946 43740.3998981714 63332.4779977798 221091.660723448 63345.9224894047 63349.8270099163 325484.44309473 198825.784130335 63341.4764481783 325500.19093895 63342.7602043152 63343.1536397934 63344.7098784447 63342.6545982361 325488.363464117 63350.9151204824 63343.4594888687 0 198824.639984369 63342.3613476753 63342.6197447777 325486.061095953 325507.51936841 251654.464060783 63346.4168118238 63352.4354658127 63353.4357092381 59439.9710609913 63343.3930207491 63343.4875769615 63357.6887226105 63346.7145074606 63345.65346241 63357.9143202305 66406.8568043709 62582.0018861294 35723.5851248503 63346.3153208494 218052.46211493 63344.5323630571
262156.382518768 262167.9076792 262160.293684125 262167.360941887 261836.313167095 265235.761223793 262351.831936598 12.7792463302612 302265.068352699 262161.024512291 262156.757217646 155085.924701571 262156.635080576 419910.978508949 262162.642597675 262165.518103361 524291.125003338 12.9801108837128 262157.174561381 524311.822258949 262160.700814724 262161.708548784 262164.659812212 262161.088320017 524310.750424385 262158.786057353 262162.821424484 198824.639984369 0 262161.991735697 262159.271069527 524302.697271347 524330.177741051 450477.185808182 262167.375853181 262160.701116085 262169.925695181 258254.750006676 262160.785129666 262162.888553381 262168.822258949 262164.606025338 262153.970147371 262177.458830833 265225.308098793 261398.662529945 234546.346699357 262164.533934951 252340.523786426 262163.478554845
12.6215074062347 8.98328864574432 19.7342306375504 28.1180760860443 327.388908147812 3097.73258805275 209.203701734543 262155.612589359 40137.7193472385 2.11613321304321 22.1683282852173 107082.243857026 20.2311849594116 157760.25302577 15.7144641876221 25.621826171875 262160.158835173 262155.238193035 19.9078949689865 262172.717247009 1.69520401954651 26.1403529644012 26.8741919994354 23.0000629425049 262170.375440598 30.1705650091171 43.3947510719299 63342.3613476753 262161.991735697 0 21.907075881958 262152.059454679 262169.094647408 188333.137093067 27.7548919916153 29.8156397342682 29.9403262138367 3920.91513729095 30.2547820806503 3.24414777755737 28.8454246520996 15.2667428255081 22.2379381656647 27.3837559223175 3084.58261561394 792.538086891174 27622.9450894594 27.0715917348862 281385.314340472 13.3621524572372
20.0176384449005 20.5877267122269 13.9237838983536 16.823739528656 337.319107294083 3077.04929471016 212.560867071152 262161.491175413 40126.6949043274 20.6198620796204 13.0069861412048 107082.714516282 17.0813369750977 157762.605060577 13.7100088596344 18.701132774353 262162.50154829 262150.606662512 8.3982607126236 262172.551189423 21.8304793834686 17.2240400314331 15.388742685318 12.9758327007294 262159.568403959 21.1380969285965 26.1111643314362 63342.6197447777 262159.271069527 21.907075881958 0 262155.968340874 262173.110329866 188331.166816473 16.8664942979813 21.7685272693634 21.5772635936737 3922.31740450859 23.5396379232407 21.3473875522614 30.1103298664093 11.3174721002579 10.819064617157 40.3914196491241 3076.93465042114 780.049399137497 27623.3507822752 17.7593153715134 281384.273410439 13.0413261651993
262151.806888819 262153.159701943 262154.048105121 262166.626198769 262473.494589806 259088.580565453 261966.516329527 524302.081974983 222039.273436546 262150.211692333 262158.146831036 369225.77373755 262155.69187212 104403.363280296 262149.339869022 262160.454703093 18.4277319908142 524291.361678362 262156.031729817 22.5195302963257 262151.516214132 262162.633240461 262161.357083559 262159.254815578 22.3473262786865 262165.555731893 262181.520364761 325486.061095953 524302.697271347 262152.059454679 262155.968340874 0 27.4804697036743 73845.4976701736 262165.773917317 262167.398387432 262165.673590899 266062.908204079 262170.464365602 262151.166794777 262165.519530296 262155.628366351 262161.812166929 262140.199379921 259089.033690453 262935.6792593 289765.898661733 262162.490368485 271972.199201465 262158.537025332
262178.097650766 262163.514388204 262181.528574824 262174.461317062 262496.073196173 259096.061035156 261983.996799231 524324.60150528 222066.75390625 262169.266567945 262175.065041304 369246.337435365 262175.73161912 104420.84375 262176.820338726 262165.25506115 39.0527377128601 524318.842148066 262174.647697568 30 262169.476926327 262170.113710165 262168.349468708 262169.169775248 30.9553163051605 262183.036201596 262169.000834465 325507.51936841 524330.177741051 262169.094647408 262173.110329866 27.4804697036743 0 73856.4880104065 262174.389325738 262181.121142864 262171.070851088 266085.427734375 262172.800750136 262167.302818537 262163 262165.571715713 262176.624232531 262152.718910217 259106.514160156 262943.159729004 289786.653795838 262167.74886477 271991.969274879 262166.699186206
188330.411817074 188332.046992421 188326.582704186 188332.753603697 188650.816354036 185262.853469849 188145.721625328 450477.517580986 148215.3695333 188333.835906506 188328.77365756 295394.192467332 188325.197146893 30578.2615537643 188331.790668964 188334.154839277 73853.7009136677 450469.341803551 188326.161677241 73855.5805022717 188334.357270479 188334.728241205 188333.010829926 188330.282969952 73846.0678634644 188336.975675225 188349.892479897 251654.464060783 450477.185808182 188333.137093067 188331.166816473 73845.4976701736 73856.4880104065 0 188332.432801127 188336.345244884 188336.223005295 192239.766121864 188336.884400249 188333.14455533 188337.650559902 188332.926379323 188334.81656909 188326.295295954 185255.129787207 189102.948832989 215933.495241284 188334.071282268 198139.596228719 188334.725170255
25.0769313573837 24.0926022529602 13.3451986312866 0.883968949317932 343.431337237358 3083.94075381756 209.215712189674 262163.853552699 40135.6560970545 27.1453355550766 19.7548981904984 107085.611907005 20.5989905595779 157771.294801354 16.8046442270279 22.8753131628036 262171.306705356 262159.768945575 12.4931650161743 262160.47326839 28.1288443803787 14.2790712118149 12.3416970968246 6.86876451969147 262143.974665046 17.6203441619873 27.9197825193405 63346.4168118238 262167.375853181 27.7548919916153 16.8664942979813 262165.773917317 262174.389325738 188332.432801127 0 17.9837280511856 16.7162882089615 3921.98174798489 17.4669237136841 26.097497344017 26.1048709154129 23.6122312545776 22.9707309007645 40.4365211725235 3085.62439119816 784.4254540205 27627.1906552315 13.0736789703369 281387.245397568 23.7680282592773
28.0217709541321 25.6888381242752 15.9129709005356 18.2190532684326 345.116512298584 3098.81782197952 220.882057905197 262166.277351856 40128.1249508858 30.1293895244598 21.5602004528046 107092.3577317 26.6642789840698 157770.277392864 18.058518409729 19.6320502758026 262165.826119423 262162.03670907 19.1228047609329 262164.878857136 29.8963532447815 18.9925673007965 16.0413038730621 24.731705904007 262160.280414581 3.1272839307785 37.8796916007996 63352.4354658127 262160.701116085 29.8156397342682 21.7685272693634 262167.398387432 262181.121142864 188336.345244884 17.9837280511856 0 13.8080060482025 3924.30659151077 22.0781069993973 30.7819125652313 18.1211428642273 30.5850478410721 22.2129900455475 52.1599469184875 3084.60698270798 792.038586139679 27632.0301493406 17.2636057138443 281389.674415708 30.2328399419785
27.7150478363037 24.0806585550308 15.1421023607254 17.1899013519287 346.327165126801 3098.37128138542 219.982974052429 262167.343585014 40137.919965744 29.330769777298 13.9941902160645 107092.946571708 27.0584759712219 157773.136023283 17.4147114753723 6.90320944786072 262172.900897026 262161.392902136 15.0373555421829 262162.138119221 30.3142786026001 20.8845131397247 18.4213342666626 21.6206343173981 262158.429940462 12.5199519395828 27.6884279251099 63353.4357092381 262169.925695181 29.9403262138367 21.5772635936737 262165.673590899 262171.070851088 188336.223005295 16.7162882089615 13.8080060482025 0 3925.37282466888 19.9662781953812 28.2829315662384 29.3933961391449 26.3450337648392 26.1359846591949 50.435150384903 3090.00136590004 781.847322463989 27633.9955962896 16.4668914079666 281391.172013879 27.342373251915
3927.31044840813 3923.86264026165 3915.56042158604 3922.36737442017 3610.08478331566 6999.36669921875 4121.43093514442 258241.970760345 44038.673828125 3919.79311060905 3925.05706334114 103180.363514543 3929.84967184067 161674.583984375 3918.60739564896 3931.9641752243 266066.374996662 258247.730117559 3922.16260826588 266075.427734375 3920.60325217247 3925.31402420998 3927.07826566696 3925.95130801201 266065.255530357 3923.1827634573 3926.42689990997 59439.9710609913 258254.750006676 3920.91513729095 3922.31740450859 266062.908204079 266085.427734375 192239.766121864 3921.98174798489 3924.30659151077 3925.37282466888 0 3935.60894882679 3922.44127368927 3942.427734375 3922.6718569994 3927.49912190437 3942.70882415771 6988.91357421875 3162.26800537109 23721.5089455843 3930.75911605358 277480.216376901 3924.38068974018
22.9389954805374 29.5333051681519 25.5540661811829 17.2605341672897 340.036950230598 3090.92741334438 206.190892100334 262164.782719731 40138.208964467 30.4896003007889 19.0780693292618 107082.623472214 16.8987303972244 157777.101085305 27.0015531778336 16.8756858110428 262164.9537462 262165.10268724 16.8163239955902 262169.011551499 31.0330175161362 12.0585454702377 9.5953665971756 14.669300198555 262159.338969827 20.656445980072 25.8015846014023 63343.3930207491 262160.785129666 30.2547820806503 23.5396379232407 262170.464365602 262172.800750136 188336.884400249 17.4669237136841 22.0781069993973 19.9662781953812 3935.60894882679 0 29.9584928750992 21.9628707170486 30.0325107574463 28.0624767541885 35.2259250879288 3091.43067514896 788.196858286858 27624.4398648739 8.20589232444763 281392.264812708 28.3110022544861
13.1947779655457 8.41605484485626 19.7365819215775 26.460681438446 329.6915974617 3095.9356482029 209.833903551102 262157.76657629 40136.4645292759 2.64816308021545 20.9760255813599 107082.888078809 19.6660432815552 157760.450526714 16.4085574150085 23.069420337677 262158.627587795 262155.869318247 17.3554891347885 262171.728213549 2.9988477230072 26.3156549930573 27.1124620437622 20.4476571083069 262168.026304007 30.0466769933701 42.0365464687347 63343.4875769615 262162.888553381 3.24414777755737 21.3473875522614 262151.166794777 262167.302818537 188333.14455533 26.097497344017 30.7819125652313 28.2829315662384 3922.44127368927 29.9584928750992 0 28.916686296463 12.6518217325211 21.543164730072 27.1189465522766 3084.78011655807 793.15856719017 27623.9782346487 25.9103552103043 281385.956761956 11.0010017156601
28.9831223487854 22.5691083669662 31.6265763044357 26.3401961326599 343.80175948143 3096.93896484375 213.009677648544 262181.60150528 40136.24609375 28.3638715744019 29.1882090568542 107096.55403316 30.7860007286072 157762.15625 23.8203387260437 23.3739371299744 262173.947262287 262165.842148066 27.2439476251602 262163 28.0174961090088 17.1137101650238 15.3494687080383 22.8528487682343 262168.401557446 20.8460799455643 36.0008344650269 63357.6887226105 262168.822258949 28.8454246520996 30.1103298664093 262165.519530296 262163 188337.650559902 26.1048709154129 18.1211428642273 29.3933961391449 3942.427734375 21.9628707170486 28.916686296463 0 35.5954910516739 27.9869520664215 40.2810897827148 3086.48583984375 810.159729003906 27637.5636175871 14.395287156105 281397.428289056 34.5847967863083
21.7687190771103 16.1000189781189 17.1730284690857 23.5395346879959 341.51765859127 3084.26272380352 215.927453875542 262160.082926154 40132.9841347933 13.8291290998459 19.8117150068283 107085.967544079 19.8482967615128 157767.075207353 22.3841999769211 21.7895458936691 262157.028077006 262157.758693576 15.1168723106384 262175.966394067 14.7088760137558 25.6715384721756 25.1294618844986 17.0554679632187 262164.216062427 27.6867032051086 33.8977154493332 63346.7145074606 262164.606025338 15.2667428255081 11.3174721002579 262155.628366351 262165.571715713 188332.926379323 23.6122312545776 30.5850478410721 26.3450337648392 3922.6718569994 30.0325107574463 12.6518217325211 35.5954910516739 0 12.9963170289993 33.1988660097122 3084.04807817936 787.980202555656 27626.0274047852 23.8279793262482 281385.988945246 3.36525249481201
24.5331130027771 23.8310796022415 20.3130649328232 22.7448952198029 340.315428972244 3086.18961501122 219.142793416977 262165.688555002 40126.5440058708 21.2718894481659 17.0293390750885 107085.151789546 22.6853928565979 157770.73760438 22.8125157356262 20.9759449958801 262159.07759428 262156.218038321 15.2937844991684 262168.870913267 22.1198873519897 23.4685904979706 25.1244242191315 16.5763833522797 262166.213934898 19.085706114769 31.109174489975 63345.65346241 262153.970147371 22.2379381656647 10.819064617157 262161.812166929 262176.624232531 188334.81656909 22.9707309007645 22.2129900455475 26.1359846591949 3927.49912190437 28.0624767541885 21.543164730072 27.9869520664215 12.9963170289993 0 44.5421266555786 3086.78375196457 785.288956165314 27626.1593505144 20.9812995195389 281386.524149776 14.0064905881882
26.56844830513 32.960322022438 37.1484025716782 40.9211568832397 348.256149291992 3076.65787506104 182.728587865829 262171.882595062 40125.9650039673 26.3803682327271 41.6531119346619 107096.997083306 26.7894749641418 157751.875160217 34.1014285087585 44.5380051136017 262143.666172504 262176.123237848 40.2714027166367 262152.718910217 27.2447984218597 37.3947999477386 36.1186430454254 33.6831963062286 262152.5467062 49.5260607004166 56.2819242477417 63357.9143202305 262177.458830833 27.3837559223175 40.3914196491241 262140.199379921 262152.718910217 188326.295295954 40.4365211725235 52.1599469184875 50.435150384903 3942.70882415771 35.2259250879288 27.1189465522766 40.2810897827148 33.1988660097122 44.5421266555786 0 3076.20475006104 810.440818786621 27638.1052771807 37.2519279718399 281380.755997777 33.3886770009995
3081.97331309319 3082.92215883732 3077.42195212841 3086.45128011703 3401.14763116837 20.453125 2897.48263907433 265228.087345123 37059.7602539062 3084.26370191574 3079.60627484322 110146.796132922 3076.60684657097 154685.670410156 3080.30617856979 3086.17167186737 259097.461422443 265216.643691778 3076.99803936481 259106.514160156 3084.31842684746 3083.59955000877 3081.83530855179 3081.78528881073 259095.443635941 3086.92438828945 3102.48667430878 66406.8568043709 265225.308098793 3084.58261561394 3076.93465042114 259089.033690453 259106.514160156 185255.129787207 3085.62439119816 3084.60698270798 3090.00136590004 6988.91357421875 3091.43067514896 3084.78011655807 3086.48583984375 3084.04807817936 3086.78375196457 3076.20475006104 0 3856.64556884766 30685.2208698988 3084.90668022633 278316.113411307 3086.063783288
785.017216444016 797.59062063694 781.631154179573 783.819532871246 466.357969522476 3857.09869384766 979.162929773331 261394.238765717 40906.4058227539 792.865977287292 780.971519947052 106322.101748347 786.716647624969 158542.315979004 786.339390277863 788.742277622223 262932.212466717 261399.998122931 782.915781378746 262933.159729004 793.202775478363 793.046018838882 794.810260295868 789.756283521652 262927.874689817 790.123527407646 774.158894538879 62582.0018861294 261398.662529945 792.538086891174 780.049399137497 262935.6792593 262943.159729004 189102.948832989 784.4254540205 792.038586139679 781.847322463989 3162.26800537109 788.196858286858 793.15856719017 810.159729003906 787.980202555656 785.288956165314 810.440818786621 3856.64556884766 0 26862.4616276026 796.269137263298 280631.288349986 787.526916623116
27615.9612697363 27630.3042342663 27621.0991368294 27627.4679034948 27297.4300626516 30694.6587957144 27809.6556288004 234548.878028989 67736.9058724642 27624.0969492197 27624.5032533407 79462.7180187702 27612.0099445581 185369.68031323 27626.5460518599 27630.6581929922 289763.291717649 234547.401645064 27622.1518952847 289778.715631604 27622.7967940569 27625.446262002 27626.7312046289 27624.1896339655 289767.571439862 27631.7579336166 27625.2438143492 35723.5851248503 234546.346699357 27622.9450894594 27623.3507822752 289765.898661733 289786.653795838 215933.495241284 27627.1906552315 27632.0301493406 27633.9955962896 23721.5089455843 27624.4398648739 27623.9782346487 27637.5636175871 27626.0274047852 27626.1593505144 27638.1052771807 30685.2208698988 26862.4616276026 0 27627.4293625355 253772.570084095 27625.3092405796
26.134465098381 23.6050410270691 20.4107978343964 13.5908325910568 342.537598729134 3084.54379570484 209.519975066185 262169.932886958 40131.5866876841 26.0139340162277 16.3707534074783 107085.259072781 19.7191075086594 157769.127088189 20.8353315591812 11.8166786432266 262168.4718467 262157.499772191 13.8138966560364 262165.024087071 26.9974428415298 5.90563261508942 4.30254828929901 8.91810238361359 262155.154722095 15.5925197601318 22.570783495903 63346.3153208494 262164.533934951 27.0715917348862 17.7593153715134 262162.490368485 262167.74886477 188334.071282268 13.0736789703369 17.2636057138443 16.4668914079666 3930.75911605358 8.20589232444763 25.9103552103043 14.395287156105 23.8279793262482 20.9812995195389 37.2519279718399 3084.90668022633 796.269137263298 27627.4293625355 0 281386.984477758 24.4460077285767
