   100
   0.000000   26.490891   55.615828   70.420264   65.074856   87.899897 2608.900393   90.366101  102.949829  107.093005  101.835591  100.743338  101.349736  106.547407  102.600950   97.693989  114.680180  107.328929   94.483378   97.220418  104.558715  112.153552  118.907949  110.606650  100.341314   96.999608   93.041970  105.026454  123.740198   96.175439  103.631026  431.220088   91.403888   84.189980   92.491248   85.776808   94.036982   91.498132  106.450180   88.374328   80.598494   89.779947   82.556041   87.989320   74.071105   61.434202   70.767230   12.872698   14.005671   12.553550   20.898453   98.823774   91.985685  104.487776  935.471825  107.126335  106.118721  114.135270  112.274191  101.637701  125.300841  117.948687  104.589191   93.043203   95.929800   93.248044  101.726814  105.223200  113.866369  115.004916  108.300688  111.427009   98.565713   93.304866   93.081389  100.728937   98.098233   95.514228 1001.138463  107.281822  904.512775   68.788211   72.277303   83.036649   94.849111  114.970496   93.514154  106.793669   99.655401   86.414859   95.482897   91.640511  104.513795  112.077528  109.258840   91.979128   91.911818  106.421112  100.188857   96.949512
  26.490891    0.000000   63.489495   58.774879   57.547970   92.125501 2607.144234   95.234049  107.817777  109.185730  106.703539  105.576743  106.183142  106.742022  108.821518  106.599323  121.442298  110.790253   99.677662  102.619787  109.426663  117.021500  121.307307  115.199681  109.613384  107.934786  105.735742  117.733106  126.354110  104.697267  111.158308  429.025942   86.788879   98.607778   95.991914   91.649700   88.859185   92.951297  108.444356   87.091410   76.598893   86.467729   79.495402   85.076089   65.464648   62.582724   60.588815   24.351006   32.054516   22.546389   24.338723  103.657180  102.833206  109.321181  940.305230  111.994282  108.274190  112.379110  115.935653  104.494192  123.544681  122.816635  109.299294   98.400257  101.550333   94.757520  106.594762  110.091148  118.478583  118.929139  122.401052  116.482234  107.010390   99.728109  101.621001  108.256219  106.637844  104.053839 1015.631915  108.737993  897.761926   62.160377   64.644976   73.746475   96.833268  111.470506   93.956748   98.466342  102.481025   92.780542   95.369578   96.473917  105.911300  111.050724  114.491268   97.132844   96.967528  111.289060  106.409426  103.372756
  55.615828   63.489495    0.000000   98.096558   91.306385  123.451828 2598.362606  138.342314  150.948563  152.436750  149.786507  148.827763  149.434161  149.746460  150.623595  140.693083  162.702826  152.592330  142.116947  144.853987  152.431101  160.025938  166.125400  158.731366  148.892192  145.081900  140.858045  153.761815  171.172203  144.586995  149.051732  469.205178  117.318127  112.829925  110.308944  121.955342  128.700812  127.858730  143.351789  122.434269  114.773431  123.902612  116.930284  122.653150  113.355244  102.627483  113.743171   57.700369   64.825685   56.186770   59.021866  146.908199  143.259578  152.572201  983.556250  154.998721  151.278628  149.141940  158.940091  147.498631  128.455928  165.821073  152.222760  140.622158  143.563368  137.508347  149.599200  153.095586  161.727472  162.544871  157.340728  160.097966  146.172914  143.343841  142.995477  138.818696  147.868963  138.414377 1048.077364  143.645426  948.285746  105.674130  111.035055  117.418211  132.031481  153.498403  127.875556  146.641679  140.420302  125.153953  131.192893  139.724936  148.915738  136.632376  156.852242  139.612696  139.395126  154.293498  148.211503  146.988488
  70.420264   58.774879   98.096558    0.000000    7.558619   57.770822 2562.715666   93.451273  101.509272   96.695428   97.121455  101.501500   91.144779  100.700648  101.324229  102.926107  103.606798  101.582947   95.464156   97.586228   97.524934  104.014836  135.028423  125.024478  116.667358  116.685692  107.778832  119.804038  140.075226  116.386772  120.251171  439.586960   97.702920  103.382486  102.003241   93.089587   99.402456  102.541845  116.108247   95.972567   99.614214   93.222896   90.660868   93.112598   86.694575   80.686058   81.164720   62.288627   59.585029   58.962947   53.825841   90.440289  108.310886   90.775984  926.579252  108.210307  102.830073   99.590250  103.644397  100.268024  107.166409  107.139651  110.342003   94.632150   95.773243   93.716454   99.366391   98.236340  130.630494  128.139092  121.205474  128.084041  117.091469  107.169848  107.453276  119.699947  111.030269  111.130651 1024.399930  110.453373  909.097121   91.048720   84.275944  102.253688   65.635473   89.878649   67.756659   76.393761   80.408444   64.941311   66.222947   95.020177  102.851055   99.089640  103.818286   91.594359   96.792158  107.280934   95.352671  104.886357
  65.074856   57.547970   91.306385    7.558619    0.000000   59.383436 2562.707913   95.170933  102.860594   98.681377   98.442537   97.459413   92.396741  100.509392  102.645311  102.476381  104.943113  102.904029   96.785238   98.907310   95.503612  102.764237  134.563463  124.559519  116.202398  116.235966  107.313873  119.339079  139.610266  115.230705  119.095104  440.086053   98.201124  102.602045  102.785465   96.017476  102.049559  106.209722  119.776123   98.619670  102.261317   95.494373   92.932345   95.759701   86.939288   81.353906   81.877576   57.191650   54.865832   53.632928   50.277037   89.368946  106.172106   91.523051  928.426943  107.810158  102.586807   99.014653  103.263395   99.971050  104.964957  106.702662  109.877044   95.953232   97.094325   93.251495   97.339053   96.526220  130.165535  127.674133  120.740514  127.619082  114.899394  106.389407  106.597917  118.543880  110.456298  109.974584 1022.207856  114.315154  911.728991   87.678857   84.943792   99.517318   67.052635   91.109867   67.656601   80.918691   82.346325   66.661107   67.934889   93.035515  102.543757   97.498943  103.353327   92.241575   96.327199  105.088859   93.160597  105.648031
  87.899897   92.125501  123.451828   57.770822   59.383436    0.000000 2533.238152   59.033147   69.364459   69.678938   67.294030   74.052842   61.025257   94.926430   91.241164   97.694728   80.715297   79.915645   88.154390   87.970385   98.721816  106.519643  132.463706  121.880913  104.006095  103.982380   98.487978  105.776814  135.497209  126.800383  134.648749  420.273612  104.900972  106.868979  108.524659  101.754740  109.137312  115.426016  128.992418  104.248108  105.013765   98.339145   92.561900  101.999371   92.796130   75.143548   93.798878   81.660225   77.071795   80.933657   72.974978   61.359216   81.944581   64.492719  896.635957  102.312914   95.700610  103.830400   88.567869   93.987922  118.157992   89.288017   97.971737   92.679970   88.870297   92.042991   99.921940   99.488676  121.992850  124.324761  108.413877  116.655691  120.510016  122.555494  118.747635  131.482997  121.795579  113.936599 1026.904738  123.337544  931.071507   92.592251   87.690128  112.757700   17.806802   47.706606   22.086710   39.249524   27.640203   11.012760   18.007471   69.209653   97.956203  106.213645   87.745194   91.054266   93.662855  109.785741   97.857479  116.283112
2608.900393 2607.144234 2598.362606 2562.715666 2562.707913 2533.238152    0.000000 2543.465954 2538.738186 2529.077021 2536.366032 2545.105228 2537.248108 2555.105141 2540.858639 2566.382001 2542.100850 2531.368619 2540.765420 2539.719407 2555.120394 2546.602881 2596.942117 2596.151194 2595.689065 2598.489417 2599.895375 2584.465900 2585.707662 2618.120637 2617.122975 2249.773137 2620.156917 2628.638258 2623.760037 2617.901323 2614.518730 2626.773814 2638.508032 2614.520686 2619.469081 2606.502002 2607.588106 2608.705108 2612.975821 2595.470691 2610.286767 2601.014851 2597.160457 2598.039543 2591.281889 2539.296111 2543.345589 2533.914520 1704.506407 2557.918885 2555.797862 2547.143442 2550.107517 2560.621680 2536.510771 2549.457318 2544.899272 2543.071981 2541.777973 2538.067529 2555.279967 2555.746678 2599.158326 2615.671314 2585.308564 2596.454905 2605.619729 2615.852826 2616.298438 2619.558393 2619.381761 2615.592608 1789.828415 2631.906533 1772.912899 2616.142990 2605.790005 2636.494184 2522.123193 2535.622703 2526.132590 2536.459792 2530.638691 2531.000194 2525.293748 2542.531210 2557.128880 2549.975898 2550.289913 2548.911442 2543.533602 2565.758213 2558.452213 2608.799482
  90.366101   95.234049  138.342314   93.451273   95.170933   59.033147 2543.465954    0.000000   16.240917   23.710651   14.940372   28.099035   17.962855   59.524620   76.116096   98.688570   83.029476   69.891434   80.878852   82.091827  101.783682   93.634006  128.911919  126.027564  106.809911  105.256903  102.773816  105.768621  132.641410  124.531932  120.514347  403.364354  120.629234  119.093433  124.635178  117.867189  118.030315  124.252831  137.774510  114.119783  113.742120  113.314809  106.516703  110.809059   98.104670   81.401323   95.415617   85.647054   78.102154   85.314053   82.619738   18.396870   29.233338   22.767675  847.441827   69.761519   65.186591   70.150665   58.450535   60.029442   85.090603   61.518655   80.750985   84.097376   81.629865   83.763956  101.046058  104.165783  121.768479  128.610598  110.161440  119.193809  124.788013  109.112825  109.241460  124.602555  111.379061  109.612535 1010.392197  132.271370  927.878706  101.271840   94.074654  121.623034   55.826418   68.980139   49.874699   63.255884   52.920675   50.936955   57.079810   20.426101   65.109944   78.056048   64.479452   88.852561   83.496891  102.060068  101.128853  102.468662
 102.949829  107.817777  150.948563  101.509272  102.860594   69.364459 2538.738186   16.240917    0.000000   20.438242   12.029949   15.420751   15.501520   52.539693   68.246740   98.310086   86.483221   71.474695   76.254991   76.405758   94.901493   84.281655  113.363209  111.007143   94.797864   98.070799   93.283068   90.219911  117.092700  117.345828  112.319404  399.629459  115.199460  114.001896  118.711180  110.681086  119.201435  126.129551  139.469478  114.645026  116.420781  109.668850  103.732805  112.738602   98.008756   80.503627   95.319703   98.230782   90.708403   97.897781   92.321461   16.856703   25.518644   16.954400  838.895526   59.099677   57.245154   64.847365   51.465608   51.288186   78.105676   50.027864   68.530556   76.608409   77.385309   80.095061   94.805203   97.228141  106.219769  116.110822   95.751160  107.132316  110.300339  103.485959  103.815101  117.414639  105.613472  102.758166  995.905713  130.419126  921.422327  101.175926   92.222410  121.527120   61.907147   80.197430   64.868964   78.827116   63.286545   65.256575   67.968526   22.293301   56.368688   69.314792   55.738196   80.839527   78.017821   93.801074   92.586453   96.714688
 107.093005  109.185730  152.436750   96.695428   98.681377   69.678938 2529.077021   23.710651   20.438242    0.000000   23.484537   22.731880   23.441828   44.087867   84.050822  116.694037   96.891883   77.971597   91.077456   92.103232  105.142267   94.522430  118.851668  128.219133  112.009855  115.282789  110.495058  101.453799  121.750816  134.557819  129.424358  416.265198  130.076724  129.119320  134.661065  127.893076  130.332704  136.555220  150.076899  125.314359  126.080016  123.023665  116.225560  123.111448  109.006614   93.703712  107.010669   99.459968   95.486903   99.284888   94.001867   17.897750   22.756938   24.382483  832.371911   57.006509   48.129140   52.031632   39.366247   50.012928   65.220451   44.759768   83.950543   93.384016   93.034373   87.906074  105.045977  107.468915  115.606470  133.322812  101.533410  124.344307  127.512329  118.797900  119.231839  134.592934  121.369440  119.602914 1002.602849  144.573759  919.264614  110.803395  106.377043  131.154590   58.288809   77.044136   60.469849   75.805659   69.376614   65.452379   65.902026   21.285626   49.949004   63.407804   46.282853   99.223478   92.975232  107.447543  103.264848  112.241509
 101.835591  106.703539  149.786507   97.121455   98.442537   67.294030 2536.366032   14.940372   12.029949   23.484537    0.000000   21.026806   13.280968   59.208942   73.839595  102.438764   86.909314   74.598944   80.292084   81.444442  100.739440   90.119603  125.345340  122.460984  103.909391  107.182326  102.394594  102.202042  129.074831  126.457355  121.347925  400.286381  121.976260  122.262795  126.560601  119.792612  126.210696  133.138812  146.478739  121.654288  123.439706  117.528739  111.379381  119.747864  103.167159   87.848133  101.155090   97.116544   89.546347   96.783543   91.207223   16.587692   23.389841    9.742054  835.123775   66.815013   63.854431   69.597680   56.841368   59.770902   82.374122   57.046833   77.686617   81.739876   80.614693   85.794887  100.643151  103.066088  118.201900  125.222349  106.113596  116.243843  121.221434  111.737194  112.066336  126.516501  113.864708  111.526482  998.933969  138.718179  931.302193  106.334328  100.521464  126.685522   61.593683   78.004316   56.373592   66.797167   61.572219   63.542249   66.351749   19.322637   65.577503   77.138461   63.147292   86.042326   83.727312   99.639022   98.424401  104.965923
 100.743338  105.576743  148.827763  101.501500   97.459413   74.052842 2545.105228   28.099035   15.420751   22.731880   21.026806    0.000000   18.280593   51.951405   76.022818   98.925914   87.496308   79.224420   85.207838   85.455097   90.368326   81.748622  112.681896  110.537867   94.328589   97.601523   93.774886   89.606321  116.411387  120.330414  115.576614  410.905411  112.466414  117.305918  116.979799  110.211810  125.280073  132.208189  145.548116  120.742339  122.546231  114.915564  109.811444  118.817241   98.710230   82.613028   97.098661   95.916721   88.587603   95.675901   93.635550   16.030557   26.459068   19.387270  846.145936   58.418903   55.333327   62.416400   46.885948   51.374792   71.915520   47.990353   71.075971   84.313208   86.481461   84.891483   89.314365   91.737303  105.538456  115.641546   93.450152  106.663041  109.831063  106.743169  107.072311  120.321710  108.870682  106.015376  997.673573  135.956218  927.288928   94.762071   95.971426  116.088703   66.793163   84.058031   67.491213   84.630013   71.087620   73.057650   74.399440   22.974614   57.181393   68.742351   53.003199   87.128664   81.672131   90.047293   88.610559   99.971898
 101.349736  106.183142  149.434161   91.144779   92.396741   61.025257 2537.248108   17.962855   15.501520   23.441828   13.280968   18.280593    0.000000   58.643161   76.432070  100.780763   83.313397   80.173751   85.304245   86.942745   88.824793   81.568131  125.142490  122.258134  103.040481  102.266709   99.004386  101.999192  128.871980  122.557414  118.065389  405.561624  117.060644  119.532918  121.644985  114.876996  122.686930  129.615046  142.989216  118.188552  119.992444  112.353211  107.224713  116.230745   99.913695   84.610793   97.917750   96.333240   89.194001   96.282300   91.163441   13.147023   28.895130   10.535324  840.521468   66.249232   63.163656   71.321214   50.227865   59.205121   81.152528   49.426742   77.197341   85.503989   86.189500   88.486721   89.217026   91.206895  117.999050  124.841169  105.910745  115.424379  121.018583  108.930813  109.259954  122.509354  111.058326  108.203019 1003.965114  135.480840  932.508306  102.579836   97.284124  122.931030   54.253033   70.742268   53.472823   67.430975   57.511472   59.459215   60.801005   15.942526   65.011722   76.572680   55.989517   87.266626   86.495650   95.863547   91.964258  102.159542
 106.547407  106.742022  149.746460  100.700648  100.509392   94.926430 2555.105141   59.524620   52.539693   44.087867   59.208942   51.951405   58.643161    0.000000   51.380748   80.627089   75.318334   53.280078   59.194264   61.267021   89.817886   90.786242   95.127288  105.738123  100.595504  100.134234   96.956097   91.827062  104.443525  122.867922  118.444478  421.799620  109.035276  120.136370  111.250160  112.002964  122.404703  128.693407  142.259809  117.515499  118.281156  111.606536  105.829291  115.266762  101.824146   89.747979  100.380558   98.661865   94.807471   96.822026   93.638276   58.137386   63.597528   63.022758  873.555667   16.791026    7.810414   17.045330   10.284959    8.316270   25.998613   16.984201   50.560255   60.252777   62.264864   51.449705   89.057838   90.998185   98.807061  111.832241   90.539900  102.128816  103.669279  109.264730  109.797512  124.293357  111.489246  108.491114  985.730167  136.604935  911.937818  109.616888   99.102648  125.342510   86.994945  119.894431  102.911225  118.332303  108.133711   95.736177   96.294762   64.150090    7.926411   20.128030   18.907329   64.871313   56.908285   92.821970   88.854904  102.462010
 102.600950  108.821518  150.623595  101.324229  102.645311   91.241164 2540.858639   76.116096   68.246740   84.050822   73.839595   76.022818   76.432070   51.380748    0.000000   33.144030   32.479797   15.221173   10.320626   12.512488   61.603974   64.124340  104.010478   84.613254   88.659203   91.155656   88.942014   90.175478  119.139733  106.652872  101.263570  421.421781  108.779726  117.356556  108.612400  106.612635  104.328088  117.222585  128.730327  104.662841  110.543231   96.745019   98.504246   99.189575  102.424983   84.919853   99.735929   98.286584   90.013715   98.803444   93.262292   76.980420   91.025968   77.742238  905.282347   52.323838   52.828141   63.612444   57.499764   48.938832   76.032356   55.977267    9.872941   12.175992   11.546767   16.392548   60.096066   61.207577  101.591313  104.252548   94.120722   84.739301   92.245517  102.906747  103.705580  108.976533  105.301023   99.570368  994.089197  122.956082  910.811448  105.592152   95.239167  125.943346   96.657921  125.163067  108.790826  122.715746  102.721835   93.514618   98.022716   85.513394   50.653156   57.918294   53.116257   15.556167   13.656030   64.240754   55.719807   95.207968
  97.693989  106.599323  140.693083  102.926107  102.476381   97.694728 2566.382001   98.688570   98.310086  116.694037  102.438764   98.925914  100.780763   80.627089   33.144030    0.000000   41.599391   45.188477   27.461967   28.146173   59.310413   66.025928   98.919335   78.669150   86.568391   83.728291   84.147438   92.302963  114.813980   82.332826   85.627897  419.872119   86.428958   87.665003   85.403636   81.207184   90.302906  101.800480  112.391473   91.258314   99.598784   85.650881   91.940160   86.644849   84.760601   67.581372   84.972363   93.580682   86.558693   95.932228   95.521102  107.365650  123.669183  107.810354  937.128417   75.427042   78.909384   94.209014   86.186091   73.531122  103.902820   85.622879   34.927862   26.913592   26.178219   30.894718   54.393374   57.851001  100.940281   97.304623   96.328110   82.773370   86.370715   87.400538   82.801763   85.896809   84.134721   75.350137  995.340852  104.974410  913.420939   82.983588   77.837685  107.725720  106.428739  135.457499  115.493958  131.464635  108.399029  100.217749  107.793534  114.595322   74.798593   79.984876   78.996574   26.046873   26.375151   62.626307   55.508639   79.417292
 114.680180  121.442298  162.702826  103.606798  104.943113   80.715297 2542.100850   83.029476   86.483221   96.891883   86.909314   87.496308   83.313397   75.318334   32.479797   41.599391    0.000000   28.311686   39.170695   37.306371   70.566017   75.597201  128.317849  108.194684  107.442999  107.366888  108.323410  109.292848  143.646668  118.126555  115.697224  420.446780  121.372449  128.611864  120.185293  117.857461  121.976489  134.937174  146.489639  122.445940  129.029016  114.500877  118.707530  116.921291  113.493833   95.655538  110.140708  110.365815  101.635617  109.640531  104.388271   84.620704  106.523420   89.057016  916.744174   75.105193   75.633591   84.185543   71.776274   72.523579   98.402071   70.554242   37.640489   41.098858   36.987397   45.559967   68.418781   70.285264  125.897247  125.516559  111.650391  104.995217  115.792772  116.214552  114.336925  120.301857  115.974500  110.224302 1016.605101  135.799383  937.614506  115.996931  106.680151  136.348125   89.269085  117.361747  101.093253  112.145178   87.681180   84.407287   90.171054   94.450240   74.999481   81.415145   67.231490   41.348769   41.631900   79.091463   67.796124  108.483366
 107.328929  110.790253  152.592330  101.582947  102.904029   79.915645 2531.368619   69.891434   71.474695   77.971597   74.598944   79.224420   80.173751   53.280078   15.221173   45.188477   28.311686    0.000000   20.333066   20.665690   71.860060   74.168517  116.879951   98.837671   99.560055  103.998146  103.683216   97.193281  132.009206  121.730243  116.416657  428.252406  123.544221  132.121051  123.376895  121.376971  118.649090  130.837986  142.527481  118.516348  123.358503  110.524905  111.635385  112.752153  117.189478   99.684348  114.500424  100.255319   95.389240   99.530035   94.277774   75.659618   88.533627   80.222081  905.908377   60.061727   54.907209   62.510073   55.352703   51.585950   77.931686   59.635547   19.688149   23.368699   21.708919   20.116071   70.367131   71.552168  114.460786  119.017043  100.462370   96.727448  106.711496  117.671242  118.470075  123.741028  120.065518  114.334863 1004.106551  136.077716  923.857263  120.356647  110.003662  140.707841   87.707978  117.811388   95.409007  110.730149   96.348955   82.273409   90.321243   83.624689   52.552486   60.102431   51.789180   30.335026   22.246250   74.585345   66.977702  109.991249
  94.483378   99.677662  142.116947   95.464156   96.785238   88.154390 2540.765420   80.878852   76.254991   91.077456   80.292084   85.207838   85.304245   59.194264   10.320626   27.461967   39.170695   20.333066    0.000000    4.551520   57.766315   60.286682   98.112116   79.661419   86.767491   88.894517   87.968655   90.564442  113.241372  101.397178  102.329654  420.499911  103.515046  112.121182  103.347720  101.928385  100.170558  112.751696  123.356964   99.199156  104.296934   91.273429   93.329657   94.536875   97.160302   79.655173   94.471249   89.835144   83.353940   91.996844   86.455692   83.829524   98.052602   85.506349  913.290598   57.097436   59.350871   68.592433   65.703167   53.991943   82.425255   65.315074   16.672954    5.341043    4.962380   10.970420   56.258408   57.363043   98.868447   99.087393   94.509685   82.636681   87.293682  101.325588  102.058637  104.284629  105.125725  101.343163  990.717172  120.028659  905.256404  100.327472   89.974487  120.678666   94.575653  123.080800  104.757526  118.682446   99.670151   89.481317   95.940448   92.227183   55.699239   63.671244   61.319660   10.122692    8.608233   60.382059   52.343870   94.216878
  97.220418  102.619787  144.853987   97.586228   98.907310   87.970385 2539.719407   82.091827   76.405758   92.103232   81.444442   85.455097   86.942745   61.267021   12.512488   28.146173   37.306371   20.665690    4.551520    0.000000   58.934953   61.455319   97.717309   78.990126   88.225590   90.773170   89.029167   90.747553  113.179723  101.827963  102.773466  418.453195  103.992593  112.879937  103.720028  102.482054  101.509364  114.632375  125.268090  101.077716  106.557449   93.195377   95.227229   96.434681   97.363235   79.858106   94.674182   92.572183   85.944155   94.733884   89.192732   84.178034   99.351921   86.978752  912.249237   59.170193   61.423628   68.840258   67.775924   56.064700   84.498013   66.399636   19.073731    5.485659    3.662827   12.517742   57.427046   58.531681   99.306023  100.412903   94.784839   84.384530   87.096621  101.736880  102.460333  104.686324  105.527421  101.744858  990.497329  120.026506  905.734079  100.530405   90.177420  120.881599   94.761474  123.266620  105.188489  119.113408   98.222032   89.912280   96.126269   95.310873   57.771996   65.767034   63.392417   10.807747    9.998057   61.550696   52.915695   94.624762
 104.558715  109.426663  152.431101   97.524934   95.503612   98.721816 2555.120394  101.783682   94.901493  105.142267  100.739440   90.368326   88.824793   89.817886   61.603974   59.310413   70.566017   71.860060   57.766315   58.934953    0.000000   11.192956   72.373981   57.319044   61.969623   58.007937   60.308236   61.674334   85.648060   81.474901   86.312993  412.616976   96.260268   93.116415  102.607534   93.524467   95.170104  108.064600  119.572343   95.504856  101.385246   87.587034   90.247653   90.031590   80.103193   77.308884   78.349676   99.839668   92.855769   99.506667   96.503819   94.950475  115.831769   98.154638  926.532090   87.879817   88.559393  103.298928   88.455874   83.326289  111.220734   85.890216   60.331497   54.916464   57.525404   59.985849    4.923056    3.455030   72.699073   76.093748   65.028841   62.410211   58.523426   92.496441   91.826071   90.540616   94.285337   90.838552  996.087682  109.072205  907.822003   97.366439   77.155002  110.102779   95.955969  126.115175  111.161879  125.086798  104.066950   96.224715  100.168974  104.008850   86.398103   96.500742   88.884242   49.797304   57.210806   15.823270    7.874812   89.947457
 112.153552  117.021500  160.025938  104.014836  102.764237  106.519643 2546.602881   93.634006   84.281655   94.522430   90.119603   81.748622   81.568131   90.786242   64.124340   66.025928   75.597201   74.168517   60.286682   61.455319   11.192956    0.000000   77.042279   64.416376   68.590094   67.098569   67.928739   68.294805   90.449320   88.550200   91.967198  405.642541  104.690375  100.791033  110.697273  101.119304  103.940181  116.834678  128.342421  104.274934  110.155324   96.357112   98.116340   98.801668   88.738608   85.224275   85.723508  107.434505  100.771161  107.101504  102.373669   85.809793  105.211932   89.142223  915.912253   92.165826   92.804746  104.231185   88.730972   85.517977  113.376532   89.375583   64.364941   57.436830   60.045770   63.764119   12.934132   13.885531   79.319544   83.168465   71.649312   69.525583   65.318244   99.571740   98.942026   96.481330  101.165471   96.767300  988.768737  118.162837  914.121920  105.281830   85.070394  119.175644  101.004708  121.227044  106.273748  120.198668  100.060566  104.022542  107.075745   93.389013   90.357670  100.746095   93.560293   53.252924   61.456159   21.521764   13.211510   97.343310
 118.907949  121.307307  166.125400  135.028423  134.563463  132.463706 2596.942117  128.911919  113.363209  118.851668  125.345340  112.681896  125.142490   95.127288  104.010478   98.919335  128.317849  116.879951   98.112116   97.717309   72.373981   77.042279    0.000000   21.672568   29.469488   28.758518   34.045066   28.733195   22.167998   65.684866   72.632824  425.692697  104.613121  101.325957  109.885461  102.912828  115.307591  107.339673  115.887591  114.347781  104.016298  108.576122  111.782941  116.295574   98.249481   93.537709   98.762500  113.845913  109.345007  116.726055  128.444778  126.481013  134.717954  129.177275  940.535204   93.450819   95.899515  109.718146  100.196060   91.556120  118.254382  100.330007   98.346455   95.856137   98.613476   98.281289   71.907310   71.933951   21.478448   24.075589   25.568967   23.387183   22.792739   71.694389   72.700163   74.829876   75.517021   77.140521  970.636883  113.289405  908.841756  103.148488   95.904245  116.898609  128.410801  156.765981  141.807493  155.732413  140.343138  132.716656  132.370607  135.656510   90.951462  101.123916  100.809765   93.813893   95.251776   66.104676   73.799160   66.278168
 110.606650  115.199681  158.731366  125.024478  124.559519  121.880913 2596.151194  126.027564  111.007143  128.219133  122.460984  110.537867  122.258134  105.738123   84.613254   78.669150  108.194684   98.837671   79.661419   78.990126   57.319044   64.416376   21.672568    0.000000   19.217653   21.639161   23.562388   26.765334   40.234555   57.553143   65.887366  429.383189   94.465273   90.997497  101.251907   92.856890   98.259778   96.850654  103.566388  102.191130   94.012353   94.309749  101.778996  100.572081   88.245536   82.776761   88.758556  105.949297  100.288714  108.437156  120.479939  123.596658  136.525787  126.292919  949.902669   99.819659  104.046221  119.470015  110.806895   97.630263  128.449730  110.731231   80.262901   78.705251   79.610481   83.588509   56.789496   55.277402   24.259372   22.356643   27.170449   12.887655   14.127505   69.806680   70.939474   70.378883   73.697027   70.664852  981.780761  100.021578  906.948680   96.319694   85.900301  115.894924  125.526445  154.633437  139.680142  153.605061  137.458783  127.046181  128.687237  132.772154   99.536153  105.288539  106.127777   74.096751   79.610018   50.643358   54.065098   64.390460
 100.341314  109.613384  148.892192  116.667358  116.202398  104.006095 2595.689065  106.809911   94.797864  112.009855  103.909391   94.328589  103.040481  100.595504   88.659203   86.568391  107.442999   99.560055   86.767491   88.225590   61.969623   68.590094   29.469488   19.217653    0.000000    9.615840    9.041117   11.660734   39.252489   56.986291   66.012452  423.520247   96.136051   82.750457  100.099371   88.342523   96.558621   92.273791  100.821709   95.598812   85.655233   89.827153   93.421876   97.546605   81.899968   73.993479   81.458283   95.683961   90.023378   98.171820  110.214603  104.379005  120.316509  109.093306  933.693391   97.531315  100.194390  115.984155  101.987847   95.118080  124.595007  101.912183   80.649485   88.548452   88.811798   93.481445   62.790822   61.025306   20.145042   26.457462   14.273371   12.714886   18.510058   65.461920   66.452615   68.150878   69.284553   66.314020  981.986980   98.223523  905.352983   92.168893   77.897543  111.790681  106.362385  135.905763  120.911174  134.869326  118.248037  107.828527  109.939680  113.554501   97.066478  102.206487   97.308729   82.536316   89.575904   52.248254   57.724146   60.045700
  96.999608  107.934786  145.081900  116.685692  116.235966  103.982380 2598.489417  105.256903   98.070799  115.282789  107.182326   97.601523  102.266709  100.134234   91.155656   83.728291  107.366888  103.998146   88.894517   90.773170   58.007937   67.098569   28.758518   21.639161    9.615840    0.000000    9.109766   15.421474   41.755820   58.437615   69.102474  421.962720   95.721820   80.477855   98.455777   84.654999   94.418325   86.732652   95.280569   93.458516   85.417916   87.686857   90.739440   95.406309   82.551588   74.756538   82.109902   91.937573   87.436666   94.817715  106.536438  107.571066  123.589443  112.366241  936.966325   97.130806   99.733119  115.522884  104.246058   94.661897  124.141575  104.170395   84.750831   90.063823   91.308250   94.035996   58.187802   57.119073   19.281273   28.115798   15.862001   19.239514   20.332766   67.234738   67.379016   69.662964   70.193736   67.223203  981.474582   92.682384  908.596959   92.820512   78.549162  112.442301  104.197454  133.415336  118.458986  132.383905  116.129791  105.717189  107.466081  115.443259   96.605208  102.611066  100.346899   84.942484   90.373021   48.765363   57.889381   61.730746
  93.041970  105.735742  140.858045  107.778832  107.313873   98.487978 2599.895375  102.773816   93.283068  110.495058  102.394594   93.774886   99.004386   96.956097   88.942014   84.147438  108.323410  103.683216   87.968655   89.029167   60.308236   67.928739   34.045066   23.562388    9.041117    9.109766    0.000000   15.537332   39.081037   57.441879   66.468040  420.277856   92.489629   75.092302   95.264287   80.639147   92.222454   88.546484   97.094402   91.262645   82.168698   85.490985   86.096885   93.210437   77.167947   69.789373   76.726261   88.384616   82.724033   90.872475  102.915258  102.783334  118.801712  107.578509  932.178594   93.991458   96.554983  112.344748  101.611689   91.522549  121.002227  101.536026   85.217075   89.585272   88.903801   94.394396   61.129435   59.363919   23.723973   25.941198   18.906412   20.339469   22.070184   61.365150   62.411850   68.706017   65.187782   63.922457  978.814579   94.496217  903.538113   87.792070   73.165521  107.058660  102.272697  131.071049  116.117753  130.042673  114.205035  103.792432  105.124849  110.655528   93.435467   98.567080   96.932572   82.833384   90.435815   51.195728   56.124255   55.948930
 105.026454  117.733106  153.761815  119.804038  119.339079  105.776814 2584.465900  105.768621   90.219911  101.453799  102.202042   89.606321  101.999192   91.827062   90.175478   92.302963  109.292848   97.193281   90.564442   90.747553   61.674334   68.294805   28.733195   26.765334   11.660734   15.421474   15.537332    0.000000   38.006628   66.478636   75.504797  431.235010  106.977957   90.411580  109.569335   94.786623  100.592322   97.207981  106.311888  100.471173   95.216236   94.636789   98.984856  101.537351   92.349908   84.290865   91.908222  100.298288   93.695211  100.372839  112.299060  103.337715  111.574656  106.033977  923.137335   88.941822   91.425947  107.215712   91.815026   86.349637  115.826564   91.739363   84.427354   90.362131   92.940294   92.451036   62.495533   60.730017   19.408750   37.576132    7.303052   23.064921   27.524547   76.004609   76.995304   77.604807   79.827242   76.856709  973.227269  101.074354  901.044153  102.618832   88.347482  122.240621  105.359512  134.848555  119.853966  133.812118  117.245163  106.815827  108.882473  112.513212   88.298035   94.665108   88.277082   88.607528   89.421676   52.717459   60.256783   70.588389
 123.740198  126.354110  171.172203  140.075226  139.610266  135.497209 2585.707662  132.641410  117.092700  121.750816  129.074831  116.411387  128.871980  104.443525  119.139733  114.813980  143.646668  132.009206  113.241372  113.179723   85.648060   90.449320   22.167998   40.234555   39.252489   41.755820   39.081037   38.006628    0.000000   76.579942   83.054709  431.289682  113.237533  106.104363  120.987650  109.156001  126.562941  122.787679  131.335597  125.603132  113.241617  119.831472  120.437372  127.550924  103.296284   98.369959  103.809303  118.678162  114.177256  121.558305  133.277028  130.210504  138.447445  132.906765  919.704567   92.454595   99.854608  108.225267  109.321693  100.988243  124.331647  107.015486  113.475710  112.806599  115.510095  115.231751   86.528125   86.250573   33.731476   35.934685   38.863167   39.681312   43.541388   76.925980   77.866272   85.397481   80.752368   85.601125  959.993571  128.737412  895.536979  107.980737  100.951048  121.472220  132.140291  160.704833  145.751537  159.676457  144.072629  135.781541  135.650047  139.386000   98.086333  110.554246  106.968702  110.710512  112.148395   78.653217   85.898342   72.557279
  96.175439  104.697267  144.586995  116.386772  115.230705  126.800383 2618.120637  124.531932  117.345828  134.557819  126.457355  120.330414  122.557414  122.867922  106.652872   82.332826  118.126555  121.730243  101.397178  101.827963   81.474901   88.550200   65.684866   57.553143   56.986291   58.437615   57.441879   66.478636   76.579942    0.000000   14.615185  411.989430   61.700889   48.259205   69.365011   62.059848   88.920196   83.382401   90.939646   85.969704   83.225231   79.673015   89.577123   87.764918   82.083681   79.455630   79.897146   90.293012   92.892806  101.759392  106.068739  126.846095  142.864473  131.641270  956.241355  117.093887  121.031102  136.711749  127.817230  114.904491  145.723959  127.536208  102.125792   99.048420  100.199723  105.414872   80.906335   80.163827   70.264999   62.734289   70.662210   56.371872   54.306241   20.610050   22.444269   14.566015   26.641673   23.440942  987.477372   89.859599  900.305396   85.808527   81.055580   94.429792  127.807177  157.966383  143.013088  156.938007  135.918159  127.736879  132.020183  134.718289  116.810381  122.121585  123.299390   92.386258  101.811249   77.728443   77.976611   24.749433
 103.631026  111.158308  149.051732  120.251171  119.095104  134.648749 2617.122975  120.514347  112.319404  129.424358  121.347925  115.576614  118.065389  118.444478  101.263570   85.627897  115.697224  116.416657  102.329654  102.773466   86.312993   91.967198   72.632824   65.887366   66.012452   69.102474   66.468040   75.504797   83.054709   14.615185    0.000000  414.728671   68.748368   54.653318   74.460101   70.162148  102.202491   97.422821  105.024789   98.299212   97.440401   94.050865   98.991060   97.761335   91.854952   86.911218   87.352733   97.693693  100.348393  109.214979  113.524326  121.665815  137.734569  126.543210  951.104638  113.244431  116.726773  132.026403  124.003480  111.348511  141.720209  123.399315   96.736490   99.215324   99.954254  103.247147   83.614861   86.188613   79.291160   68.169968   79.688371   64.706095   63.332402   20.447495   23.323649   11.133250   24.745222   22.592114  991.060967  103.828071  910.664235   93.264114   88.511167  101.302187  135.262765  165.421971  150.468675  164.393595  143.373746  135.192466  139.475770  129.540497  112.615982  117.802265  118.423806   96.205433  100.121401   84.073473   80.466936   22.878566
 431.220088  429.025942  469.205178  439.586960  440.086053  420.273612 2249.773137  403.364354  399.629459  416.265198  400.286381  410.905411  405.561624  421.799620  421.421781  419.872119  420.446780  428.252406  420.499911  418.453195  412.616976  405.642541  425.692697  429.383189  423.520247  421.962720  420.277856  431.235010  431.289682  411.989430  414.728671    0.000000  399.730479  399.522028  410.874203  404.086279  408.294340  415.447221  427.870398  402.916140  401.081734  399.612289  396.183248  403.023595  399.951041  393.654563  404.397691  426.702098  420.857658  429.445928  419.586557  408.772231  417.775553  409.734709 1219.884432  423.966279  425.095178  431.030809  426.944132  416.551050  445.621885  427.702317  420.604262  418.055549  417.288501  423.844924  414.885102  413.756931  431.612481  427.700751  436.103557  426.472826  425.273543  399.274208  396.443549  418.516122  399.509560  394.472890 1087.431010  421.399960 1246.939206  399.373144  397.877513  408.343215  408.961304  422.474942  411.753050  425.059184  407.791074  412.929255  410.340220  412.851973  420.664645  432.761717  431.887026  418.763345  422.132951  411.371437  414.064062  398.566544
  91.403888   86.788879  117.318127   97.702920   98.201124  104.900972 2620.156917  120.629234  115.199460  130.076724  121.976260  112.466414  117.060644  109.035276  108.779726   86.428958  121.372449  123.544221  103.515046  103.992593   96.260268  104.690375  104.613121   94.465273   96.136051   95.721820   92.489629  106.977957  113.237533   61.700889   68.748368  399.730479    0.000000   24.580802   13.106320   23.487206   64.256791   61.178536   74.443225   57.513772   55.309645   54.497122   53.570130   59.732321   69.507765   67.825302   69.430479   85.205910   90.355619   96.208624   92.465563  122.365000  138.383378  127.160175  951.760260  105.950064  108.435464  122.324351  113.962620  103.247248  131.268956  115.530165  104.252647  101.264152  102.326577  107.630604   94.271986   95.845470  105.582190   97.634813  110.331740   97.605348   85.839265   62.819666   62.528341   63.199452   67.020467   57.633360 1003.117682   70.437549  902.221929   70.309971   70.368617   77.769209  110.227220  137.662836  121.238683  134.543616  125.157295  111.651893  110.080441  130.237194  106.715956  114.390667  113.488169   93.392354  103.938104  102.384127   93.189427   66.252842
