15
0 327464.726490617 274302.007740617 327450.752800107 327460.24505794 327452.855240941 220183.655208349 265137.020840526 252707.698817372 184032.588546157 196858.67816484 327469.653997302 327465.752800107 274302.127252698 327469.25494206
327464.726490617 0 262153 15 15 16.5879714488983 107296.939459443 62341.513548851 74773.7912657261 143451.767065525 524301 25 20 262163 25
274302.007740617 262153 0 262158 262158 262159.587971449 154894.737564921 199847.771361351 187418.104118586 118735.452651501 262158 262168 262163 20 262168
327450.752800107 15 262158 0 20 10.6770761013031 107292.354951739 62335.7455635071 74769.2060790062 143448.785491943 524306 30 15 262158 20
327460.24505794 15 262158 20 0 11.5879714488983 107291.313224435 62336.7700386047 74768.5302016735 143446.906739712 524306 20 25 262158 30
327452.855240941 16.5879714488983 262159.587971449 10.6770761013031 11.5879714488983 0 107282.357873559 62326.1346063614 74758.5617303848 143441.03565383 524297.587971449 19.3229238986969 14.3229238986969 262157.322923899 19.3229238986969
220183.655208349 107296.939459443 154894.737564921 107292.354951739 107291.313224435 107282.357873559 0 44956.9648035765 32525.3894766569 36162.2140089273 417031.109042048 107290.662443519 107293.028513074 154893.356435895 107288.028513074
265137.020840526 62341.513548851 199847.771361351 62335.7455635071 62336.7700386047 62326.1346063614 44956.9648035765 0 12434.7609534264 81116.577091217 461983.419426441 62335.3146202564 62338.3966574669 199846.32419467 62333.3966574669
252707.698817372 74773.7912657261 187418.104118586 74769.2060790062 74768.5302016735 74758.5617303848 32525.3894766569 12434.7609534264 0 68687.0188379288 449555.190655708 74765.3541462421 74768.3724672794 187414.591437578 74763.3724672794
184032.588546157 143451.767065525 118735.452651501 143448.785491943 143446.906739712 143441.03565383 36162.2140089273 81116.577091217 68687.0188379288 0 380869.755450726 143448.177341938 143453.785491943 118745.452389717 143448.785491943
196858.67816484 524301 262158 524306 524306 524297.587971449 417031.109042048 461983.419426441 449555.190655708 380869.755450726 0 524316 524311 262168 524316
327469.653997302 25 262168 30 20 19.3229238986969 107290.662443519 62335.3146202564 74765.3541462421 143448.177341938 524316 0 25 262168 20
327465.752800107 20 262163 15 25 14.3229238986969 107293.028513074 62338.3966574669 74768.3724672794 143453.785491943 524311 25 0 262153 5
274302.127252698 262163 20 262158 262158 262157.322923899 154893.356435895 199846.32419467 187414.591437578 118745.452389717 262168 262168 262153 0 262158
327469.25494206 25 262168 20 30 19.3229238986969 107288.028513074 62333.3966574669 74763.3724672794 143448.785491943 524316 20 5 262158 0
