20
0 25.1302970647812 32.6678932905197 196234.837103724 31.0827232599258 23.7473596334457 23.5209758281708 137866.084466457 24.2818607091904 150622.715164542 2.42612612247467 22.4482226371765 14.3063060045242 31.9681626558304 524307.315973401 197.268103718758 18.3241558074951 262159.433087826 35990.7775076628 25391.2014180422
25.1302970647812 0 17.73978972435 196233.0153687 14.6156363487244 12.5386617183685 21.8173888921738 137856.67983377 24.531928062439 150625.181546688 25.2590157985687 7.98831593990326 21.1303064823151 25.2099099159241 524293.817421675 209.840527296066 19.8478347063065 262163.618888736 35993.2972204685 25415.2478365898
32.6678932905197 17.73978972435 0 196238.166586399 13.1241533756256 20.2062072753906 13.8136433362961 137872.471062541 21.3061857223511 150627.212057352 31.8816196918488 21.3987177610397 26.1642346382141 27.4701201915741 524301.557211399 215.803732395172 19.8762077093124 262168.344316363 35993.2544951439 25422.9575560093
196234.837103724 196233.0153687 196238.166586399 0 196236.841481686 196222.750071287 196239.860882878 334080.982883811 196243.682372332 45641.6865239143 196236.46295476 196228.935628295 196240.274206161 196245.636706591 328073.390625 196422.855895996 196239.740541577 65960.1777299643 160272.85934329 170865.20903039
31.0827232599258 14.6156363487244 13.1241533756256 196236.841481686 0 17.082053899765 15.561129450798 137870.461331964 22.8433318138123 150625.587496042 31.1781933307648 18.8270975351334 23.9796793460846 28.1866817474365 524298.433058023 216.014414310455 19.4507805109024 262159.42680347 35991.7688794136 25411.6324512959
23.7473596334457 12.5386617183685 20.2062072753906 196222.750071287 17.082053899765 0 21.7350872755051 137860.541144252 25.032500743866 150625.331488132 24.9724555015564 6.20308840274811 21.9643247127533 27.6763274669647 524284.137703419 210.746789693832 21.2964121103287 262172.32207191 35991.2042636871 25412.7091748714
23.5209758281708 21.8173888921738 13.8136433362961 196239.860882878 15.561129450798 21.7350872755051 0 137865.925979614 15.6540027856827 150620.502629638 22.1315742731094 22.7238624095917 23.6786261796951 32.7638787031174 524305.634810567 216.081906676292 14.1787984371185 262160.917577982 35986.0102256536 25410.5921062231
137866.084466457 137856.67983377 137872.471062541 334080.982883811 137870.461331964 137860.541144252 137865.925979614 0 137862.208378196 288462.596279979 137865.03781426 137855.374111652 137867.988167882 137867.121220469 386449.552878737 137680.903379083 137859.891412497 400009.979386091 173830.539446473 163254.579279304
24.2818607091904 24.531928062439 21.3061857223511 196243.682372332 22.8433318138123 25.032500743866 15.6540027856827 137862.208378196 0 150606.673867702 23.0567648410797 20.4429632425308 21.8344614505768 19.3741099834442 524307.072997332 215.25914478302 8.227015376091 262162.570941329 35972.545093298 25410.5369474888
150622.715164542 150625.181546688 150627.212057352 45641.6865239143 150625.587496042 150625.331488132 150620.502629638 288462.596279979 150606.673867702 0 150623.167638302 150621.629565358 150622.162381411 150620.85799408 373703.981897116 150817.148967266 150610.547994494 111558.61925447 114634.918467045 125250.546640158
2.42612612247467 25.2590157985687 31.8816196918488 196236.46295476 31.1781933307648 24.9724555015564 22.1315742731094 137865.03781426 23.0567648410797 150623.167638302 0 20.9848254919052 12.5315408706665 30.055671453476 524309.039596796 197.944025278091 18.5993658304214 262161.522987723 35991.1869063377 25392.3149902821
22.4482226371765 7.98831593990326 21.3987177610397 196228.935628295 18.8270975351334 6.20308840274811 22.7238624095917 137855.374111652 20.4429632425308 150621.629565358 20.9848254919052 0 18.0071882009506 23.5117594003677 524289.847402453 207.8785623312 16.4071435928345 262169.601380587 35988.734706521 25411.8026221991
14.3063060045242 21.1303064823151 26.1642346382141 196240.274206161 23.9796793460846 21.9643247127533 23.6786261796951 137867.988167882 21.8344614505768 150622.162381411 12.5315408706665 18.0071882009506 0 24.8134119510651 524304.947728157 199.469710826874 20.1465331315994 262163.750246167 35990.3257668018 25402.0884153843
31.9681626558304 25.2099099159241 27.4701201915741 196245.636706591 28.1866817474365 27.6763274669647 32.7638787031174 137867.121220469 19.3741099834442 150620.85799408 30.055671453476 23.5117594003677 24.8134119510651 0 524309.027331591 223.273852586746 22.19866502285 262170.185563445 35989.1351969242 25411.8145112991
524307.315973401 524293.817421675 524301.557211399 328073.390625 524298.433058023 524284.137703419 524305.634810567 386449.552878737 524307.072997332 373703.981897116 524309.039596796 524289.847402453 524304.947728157 524309.027331591 0 524115.753479004 524303.131166577 262172.787104964 488335.381288052 498938.59965539
197.268103718758 209.840527296066 215.803732395172 196422.855895996 216.014414310455 210.746789693832 216.081906676292 137680.903379083 215.25914478302 150817.148967266 197.944025278091 207.8785623312 199.469710826874 223.273852586746 524115.753479004 0 209.785190224648 262353.459416032 36186.0036606789 25587.6468656063
18.3241558074951 19.8478347063065 19.8762077093124 196239.740541577 19.4507805109024 21.2964121103287 14.1787984371185 137859.891412497 8.227015376091 150610.547994494 18.5993658304214 16.4071435928345 20.1465331315994 22.19866502285 524303.131166577 209.785190224648 0 262157.07844615 35978.6908794641 25403.0813483
262159.433087826 262163.618888736 262168.344316363 65960.1777299643 262159.42680347 262172.32207191 262160.917577982 400009.979386091 262162.570941329 111558.61925447 262161.522987723 262169.601380587 262163.750246167 262170.185563445 262172.787104964 262353.459416032 262157.07844615 0 226192.927317739 236778.371052146
35990.7775076628 35993.2972204685 35993.2544951439 160272.85934329 35991.7688794136 35991.2042636871 35986.0102256536 173830.539446473 35972.545093298 114634.918467045 35991.1869063377 35988.734706521 35990.3257668018 35989.1351969242 488335.381288052 36186.0036606789 35978.6908794641 226192.927317739 0 10618.652630806
25391.2014180422 25415.2478365898 25422.9575560093 170865.20903039 25411.6324512959 25412.7091748714 25410.5921062231 163254.579279304 25410.5369474888 125250.546640158 25392.3149902821 25411.8026221991 25402.0884153843 25411.8145112991 498938.59965539 25587.6468656063 25403.0813483 236778.371052146 10618.652630806 0
