12
0 568 621 802 706 835 545 748 790 735 557 833
568 0 604 854 869 913 709 830 761 858 712 926
621 604 0 741 837 834 757 907 722 858 664 933
802 854 741 0 679 623 678 917 667 764 943 975
706 869 837 679 0 625 624 648 798 682 847 784
835 913 834 623 625 0 719 831 752 795 1000 918
545 709 757 678 624 719 0 630 605 546 756 721
748 830 907 917 648 831 630 0 780 816 868 626
790 761 722 667 798 752 605 780 0 746 911 838
735 858 858 764 682 795 546 816 746 0 559 558
557 712 664 943 847 1000 756 868 911 559 0 657
833 926 933 975 784 918 721 626 838 558 657 0
