15
0 327464 274301 327451 327461 327454 220185 265139 252708 184034 196859 327469 327466 274303 327469
327464 0 262153 15 15 16 107297 62341 74774 143452 524301 25 20 262163 25
274301 262153 0 262158 262158 262159 154894 199848 187417 118735 262158 262168 262163 20 262168
327451 15 262158 0 20 11 107294 62336 74769 143449 524306 30 15 262158 20
327461 15 262158 20 0 11 107290 62336 74769 143445 524306 20 25 262158 30
327454 16 262159 11 11 0 107283 62325 74758 143440 524297 19 14 262157 19
220185 107297 154894 107294 107290 107283 0 44958 32527 36161 417032 107290 107293 154892 107288
265139 62341 199848 62336 62336 62325 44958 0 12433 81117 461984 62334 62337 199846 62332
252708 74774 187417 74769 74769 74758 32527 12433 0 68686 449553 74765 74768 187413 74763
184034 143452 118735 143449 143445 143440 36161 81117 68686 0 380871 143447 143454 118745 143449
196859 524301 262158 524306 524306 524297 417032 461984 449553 380871 0 524316 524311 262168 524316
327469 25 262168 30 20 19 107290 62334 74765 143447 524316 0 25 262168 20
327466 20 262163 15 25 14 107293 62337 74768 143454 524311 25 0 262153 5
274303 262163 20 262158 262158 262157 154892 199846 187413 118745 262168 262168 262153 0 262158
327469 25 262168 20 30 19 107288 62332 74763 143449 524316 20 5 262158 0
